train_mse=0.031184
test_mse=0.035913
timestamp=2026-04-18T18:38:57.9007040Z
