weights=2.983623,1.457029
bias=0.463529
